35.422 58.2387 5.8968
35.422 55 5.8968
35 55 5
35.422 60.4644 5.8968
35.422 58.2387 5.8968
35 55 5
34.1319 60.9291 5.8968
35.422 60.4644 5.8968
35 55 5
31.0406 59.5411 5.8968
34.1319 60.9291 5.8968
35 55 5
29.2226 56.6827 5.8968
31.0407 59.5412 5.8968
35 55 5
29.2226 53.3171 5.8968
29.2227 56.6827 5.8968
35 55 5
31.0406 50.4586 5.8968
29.2227 53.3172 5.8968
35 55 5
35 55 5
34.9999 54.9999 5
34.1319 49.0708 5.8968
34.1319 49.0708 5.8968
31.0407 50.4587 5.8968
35 55 5
34.9999 54.9999 5
35 55 5
35.422 49.5355 5.8968
35.422 49.5354 5.8968
34.1319 49.0708 5.8968
34.9999 54.9999 5
35 55 5
34.9999 54.9999 5
35.422 51.7612 5.8968
35.422 51.7611 5.8968
35.422 49.5355 5.8968
35 55 5
34.9999 54.9999 5
35 55 5
35.422 55 5.8968
35.422 55 5.8968
35.422 51.7612 5.8968
34.9999 54.9999 5
35.422 55 5.8968
35.422 58.2387 5.8968
35.422 61.0713 8.3809
35.422 61.0713 8.3809
35.422 55 8.3809
35.422 55 5.8968
35.422 58.2387 5.8968
35.422 60.4644 5.8968
35.422 65.2435 8.3809
35.422 65.2434 8.3809
35.422 61.0713 8.3809
35.422 58.2387 5.8968
35.422 60.4644 5.8968
34.1319 60.9291 5.8968
33.3835 66.1146 8.3809
33.3834 66.1146 8.3809
35.422 65.2435 8.3809
35.422 60.4644 5.8968
34.1319 60.9291 5.8968
31.0407 59.5412 5.8968
27.6164 63.513 8.3809
27.6164 63.513 8.3809
33.3835 66.1146 8.3809
34.1319 60.9291 5.8968
31.0407 59.5412 5.8968
29.2227 56.6827 5.8968
24.2062 58.1544 8.3809
24.2061 58.1543 8.3809
27.6164 63.513 8.3809
31.0406 59.5411 5.8968
29.2227 56.6827 5.8968
29.2227 53.3172 5.8968
24.2062 51.8455 8.3809
24.2061 51.8455 8.3809
24.2062 58.1544 8.3809
29.2226 56.6827 5.8968
29.2227 53.3172 5.8968
31.0407 50.4587 5.8968
27.6164 46.4869 8.3809
27.6164 46.4869 8.3809
24.2062 51.8455 8.3809
29.2226 53.3171 5.8968
31.0407 50.4587 5.8968
34.1319 49.0708 5.8968
33.3835 43.8853 8.3809
33.3834 43.8852 8.3809
27.6164 46.4869 8.3809
31.0406 50.4586 5.8968
34.1319 49.0708 5.8968
35.422 49.5355 5.8968
35.422 44.7564 8.3809
35.422 44.7564 8.3809
33.3835 43.8853 8.3809
34.1319 49.0708 5.8968
35.422 49.5355 5.8968
35.422 51.7612 5.8968
35.422 48.9286 8.3809
35.422 48.9286 8.3809
35.422 44.7564 8.3809
35.422 49.5354 5.8968
35.422 51.7612 5.8968
35.422 55 5.8968
35.422 55 8.3809
35.422 55 8.3809
35.422 48.9286 8.3809
35.422 51.7611 5.8968
35.422 55 8.3809
35.422 61.0713 8.3809
35.422 63.3517 12.143
35.422 63.3516 12.1429
35.422 55 12.143
35.422 55 8.3809
35.422 61.0713 8.3809
35.422 65.2435 8.3809
35.422 69.0911 12.143
35.422 69.0911 12.1429
35.422 63.3517 12.143
35.422 61.0713 8.3809
35.422 65.2435 8.3809
33.3835 66.1146 8.3809
32.7873 70.2894 12.143
32.7873 70.2893 12.1429
35.422 69.0911 12.143
35.422 65.2434 8.3809
33.3835 66.1146 8.3809
27.6164 63.513 8.3809
24.8821 66.7106 12.143
24.882 66.7106 12.1429
32.7873 70.2894 12.143
33.3834 66.1146 8.3809
27.6164 63.513 8.3809
24.2062 58.1544 8.3809
20.1888 59.3392 12.143
20.1888 59.3391 12.1429
24.8821 66.7106 12.143
27.6164 63.513 8.3809
24.2062 58.1544 8.3809
24.2062 51.8455 8.3809
20.1888 50.6606 12.143
20.1888 50.6605 12.1429
20.1888 59.3392 12.143
24.2061 58.1543 8.3809
24.2062 51.8455 8.3809
27.6164 46.4869 8.3809
24.8821 43.2893 12.143
24.882 43.2892 12.1429
20.1888 50.6606 12.143
24.2061 51.8455 8.3809
27.6164 46.4869 8.3809
33.3835 43.8853 8.3809
32.7873 39.7105 12.143
32.7873 39.7104 12.1429
24.8821 43.2893 12.143
27.6164 46.4869 8.3809
33.3835 43.8853 8.3809
35.422 44.7564 8.3809
35.422 40.9088 12.143
35.422 40.9087 12.1429
32.7873 39.7105 12.143
33.3834 43.8852 8.3809
35.422 44.7564 8.3809
35.422 48.9286 8.3809
35.422 46.6482 12.143
35.422 46.6482 12.1429
35.422 40.9088 12.143
35.422 44.7564 8.3809
35.422 48.9286 8.3809
35.422 55 8.3809
35.422 55 12.143
35.422 55 12.1429
35.422 46.6482 12.143
35.422 48.9286 8.3809
35.422 55 12.143
35.422 63.3517 12.143
35.422 64.9351 16.8731
35.422 64.935 16.8731
35.422 55 16.8731
35.422 55 12.1429
35.422 63.3517 12.143
35.422 69.0911 12.143
35.422 71.7625 16.8731
35.422 71.7624 16.8731
35.422 64.9351 16.8731
35.422 63.3516 12.1429
35.422 69.0911 12.143
32.7873 70.2894 12.143
32.3757 73.188 16.8731
32.3757 73.188 16.8731
35.422 71.7625 16.8731
35.422 69.0911 12.1429
32.7873 70.2894 12.143
24.8821 66.7106 12.143
22.9922 68.9307 16.8731
22.9921 68.9307 16.8731
32.3757 73.188 16.8731
32.7873 70.2893 12.1429
24.8821 66.7106 12.143
20.1888 59.3392 12.143
17.4075 60.1619 16.8731
17.4075 60.1618 16.8731
22.9922 68.9307 16.8731
24.882 66.7106 12.1429
20.1888 59.3392 12.143
20.1888 50.6606 12.143
17.4075 49.838 16.8731
17.4075 49.838 16.8731
17.4075 60.1619 16.8731
20.1888 59.3391 12.1429
20.1888 50.6606 12.143
24.8821 43.2893 12.143
22.9922 41.0691 16.8731
22.9921 41.069 16.8731
17.4075 49.838 16.8731
20.1888 50.6605 12.1429
24.8821 43.2893 12.143
32.7873 39.7105 12.143
32.3757 36.8119 16.8731
32.3757 36.8119 16.8731
22.9922 41.0691 16.8731
24.882 43.2892 12.1429
32.7873 39.7105 12.143
35.422 40.9088 12.143
35.422 38.2374 16.8731
35.422 38.2374 16.8731
32.3757 36.8119 16.8731
32.7873 39.7104 12.1429
35.422 40.9088 12.143
35.422 46.6482 12.143
35.422 45.0648 16.8731
35.422 45.0648 16.8731
35.422 38.2374 16.8731
35.422 40.9087 12.1429
35.422 46.6482 12.143
35.422 55 12.143
35.422 55 16.8731
35.422 55 16.8731
35.422 45.0648 16.8731
35.422 46.6482 12.1429
35.422 55 16.8731
35.422 64.9351 16.8731
35.422 65.7304 22.2217
35.422 65.7304 22.2217
35.422 55 22.2217
35.422 55 16.8731
35.422 64.9351 16.8731
35.422 71.7625 16.8731
35.422 73.1043 22.2217
35.422 73.1043 22.2217
35.422 65.7304 22.2217
35.422 64.935 16.8731
35.422 71.7625 16.8731
32.3757 73.188 16.8731
32.1691 74.6439 22.2217
32.1691 74.6438 22.2217
35.422 73.1043 22.2217
35.422 71.7624 16.8731
32.3757 73.188 16.8731
22.9922 68.9307 16.8731
22.0434 70.0459 22.2217
22.0433 70.0458 22.2217
32.1691 74.6439 22.2217
32.3757 73.188 16.8731
22.9922 68.9307 16.8731
17.4075 60.1619 16.8731
16.011 60.5751 22.2217
16.011 60.575 22.2217
22.0434 70.0459 22.2217
22.9921 68.9307 16.8731
17.4075 60.1619 16.8731
17.4075 49.838 16.8731
16.011 49.4248 22.2217
16.011 49.4248 22.2217
16.011 60.5751 22.2217
17.4075 60.1618 16.8731
17.4075 49.838 16.8731
22.9922 41.0691 16.8731
22.0434 39.954 22.2217
22.0433 39.9539 22.2217
16.011 49.4248 22.2217
17.4075 49.838 16.8731
22.9922 41.0691 16.8731
32.3757 36.8119 16.8731
32.1691 35.356 22.2217
32.1691 35.3559 22.2217
22.0434 39.954 22.2217
22.9921 41.069 16.8731
32.3757 36.8119 16.8731
35.422 38.2374 16.8731
35.422 36.8956 22.2217
35.422 36.8955 22.2217
32.1691 35.356 22.2217
32.3757 36.8119 16.8731
35.422 38.2374 16.8731
35.422 45.0648 16.8731
35.422 44.2695 22.2217
35.422 44.2695 22.2217
35.422 36.8956 22.2217
35.422 38.2374 16.8731
35.422 45.0648 16.8731
35.422 55 16.8731
35.422 55 22.2217
35.422 55 22.2217
35.422 44.2695 22.2217
35.422 45.0648 16.8731
35.422 55 22.2217
35.422 65.7304 22.2217
35.422 65.7304 27.7782
35.422 65.7304 27.7782
35.422 54.9999 27.7782
35.422 55 22.2217
35.422 65.7304 22.2217
35.422 73.1043 22.2217
35.422 73.1043 27.7782
35.422 73.1043 27.7782
35.422 65.7304 27.7782
35.422 65.7304 22.2217
35.422 73.1043 22.2217
32.1691 74.6439 22.2217
32.1691 74.6439 27.7782
32.1691 74.6438 27.7782
35.422 73.1043 27.7782
35.422 73.1043 22.2217
32.1691 74.6439 22.2217
22.0434 70.0459 22.2217
22.0434 70.0459 27.7782
22.0433 70.0458 27.7782
32.1691 74.6439 27.7782
32.1691 74.6438 22.2217
22.0434 70.0459 22.2217
16.011 60.5751 22.2217
16.011 60.5751 27.7782
16.011 60.575 27.7782
22.0434 70.0459 27.7782
22.0433 70.0458 22.2217
16.011 60.5751 22.2217
16.011 49.4248 22.2217
16.011 49.4248 27.7782
16.011 49.4248 27.7782
16.011 60.5751 27.7782
16.011 60.575 22.2217
16.011 49.4248 22.2217
22.0434 39.954 22.2217
22.0434 39.954 27.7782
22.0433 39.9539 27.7782
16.011 49.4248 27.7782
16.011 49.4248 22.2217
22.0434 39.954 22.2217
32.1691 35.356 22.2217
32.1691 35.356 27.7782
32.1691 35.3559 27.7782
22.0434 39.954 27.7782
22.0433 39.9539 22.2217
32.1691 35.356 22.2217
35.422 36.8956 22.2217
35.422 36.8956 27.7782
35.422 36.8955 27.7782
32.1691 35.356 27.7782
32.1691 35.3559 22.2217
35.422 36.8956 22.2217
35.422 44.2695 22.2217
35.422 44.2695 27.7782
35.422 44.2695 27.7782
35.422 36.8956 27.7782
35.422 36.8955 22.2217
35.422 44.2695 22.2217
35.422 55 22.2217
35.422 54.9999 27.7782
35.422 54.9999 27.7782
35.422 44.2695 27.7782
35.422 44.2695 22.2217
35.422 54.9999 27.7782
35.422 65.7304 27.7782
35.422 64.9351 33.1268
35.422 64.935 33.1268
35.422 54.9999 33.1268
35.422 54.9999 27.7782
35.422 65.7304 27.7782
35.422 73.1043 27.7782
35.422 71.7625 33.1268
35.422 71.7624 33.1268
35.422 64.9351 33.1268
35.422 65.7304 27.7782
35.422 73.1043 27.7782
32.1691 74.6439 27.7782
32.3757 73.188 33.1268
32.3757 73.188 33.1268
35.422 71.7625 33.1268
35.422 73.1043 27.7782
32.1691 74.6439 27.7782
22.0434 70.0459 27.7782
22.9922 68.9308 33.1268
22.9921 68.9308 33.1268
32.3757 73.188 33.1268
32.1691 74.6438 27.7782
22.0434 70.0459 27.7782
16.011 60.5751 27.7782
17.4075 60.1619 33.1268
17.4075 60.1618 33.1268
22.9922 68.9308 33.1268
22.0433 70.0458 27.7782
16.011 60.5751 27.7782
16.011 49.4248 27.7782
17.4075 49.838 33.1268
17.4075 49.838 33.1268
17.4075 60.1619 33.1268
16.011 60.575 27.7782
16.011 49.4248 27.7782
22.0434 39.954 27.7782
22.9922 41.0691 33.1268
22.9921 41.069 33.1268
17.4075 49.838 33.1268
16.011 49.4248 27.7782
22.0434 39.954 27.7782
32.1691 35.356 27.7782
32.3757 36.8119 33.1268
32.3757 36.8119 33.1268
22.9922 41.0691 33.1268
22.0433 39.9539 27.7782
32.1691 35.356 27.7782
35.422 36.8956 27.7782
35.422 38.2374 33.1268
35.422 38.2374 33.1268
32.3757 36.8119 33.1268
32.1691 35.3559 27.7782
35.422 36.8956 27.7782
35.422 44.2695 27.7782
35.422 45.0648 33.1268
35.422 45.0648 33.1268
35.422 38.2374 33.1268
35.422 36.8955 27.7782
35.422 44.2695 27.7782
35.422 54.9999 27.7782
35.422 54.9999 33.1268
35.422 54.9999 33.1268
35.422 45.0648 33.1268
35.422 44.2695 27.7782
35.422 54.9999 33.1268
35.422 64.9351 33.1268
35.422 63.3517 37.8569
35.422 63.3516 37.8568
35.422 54.9999 37.8569
35.422 54.9999 33.1268
35.422 64.9351 33.1268
35.422 71.7625 33.1268
35.422 69.0911 37.8569
35.422 69.0911 37.8568
35.422 63.3517 37.8569
35.422 64.935 33.1268
35.422 71.7625 33.1268
32.3757 73.188 33.1268
32.7873 70.2894 37.8569
32.7873 70.2893 37.8568
35.422 69.0911 37.8569
35.422 71.7624 33.1268
32.3757 73.188 33.1268
22.9922 68.9308 33.1268
24.8821 66.7106 37.8569
24.882 66.7106 37.8568
32.7873 70.2894 37.8569
32.3757 73.188 33.1268
22.9922 68.9308 33.1268
17.4075 60.1619 33.1268
20.1888 59.3392 37.8569
20.1888 59.3391 37.8568
24.8821 66.7106 37.8569
22.9921 68.9308 33.1268
17.4075 60.1619 33.1268
17.4075 49.838 33.1268
20.1888 50.6607 37.8569
20.1888 50.6607 37.8568
20.1888 59.3392 37.8569
17.4075 60.1618 33.1268
17.4075 49.838 33.1268
22.9922 41.0691 33.1268
24.8821 43.2893 37.8569
24.882 43.2892 37.8568
20.1888 50.6607 37.8569
17.4075 49.838 33.1268
22.9922 41.0691 33.1268
32.3757 36.8119 33.1268
32.7873 39.7105 37.8569
32.7873 39.7104 37.8568
24.8821 43.2893 37.8569
22.9921 41.069 33.1268
32.3757 36.8119 33.1268
35.422 38.2374 33.1268
35.422 40.9088 37.8569
35.422 40.9087 37.8568
32.7873 39.7105 37.8569
32.3757 36.8119 33.1268
35.422 38.2374 33.1268
35.422 45.0648 33.1268
35.422 46.6482 37.8569
35.422 46.6482 37.8568
35.422 40.9088 37.8569
35.422 38.2374 33.1268
35.422 45.0648 33.1268
35.422 54.9999 33.1268
35.422 54.9999 37.8569
35.422 54.9999 37.8568
35.422 46.6482 37.8569
35.422 45.0648 33.1268
35.422 54.9999 37.8569
35.422 63.3517 37.8569
35.422 61.0713 41.619
35.422 61.0713 41.6189
35.422 54.9999 41.619
35.422 54.9999 37.8568
35.422 63.3517 37.8569
35.422 69.0911 37.8569
35.422 65.2435 41.619
35.422 65.2434 41.6189
35.422 61.0713 41.619
35.422 63.3516 37.8568
35.422 69.0911 37.8569
32.7873 70.2894 37.8569
33.3835 66.1146 41.619
33.3834 66.1146 41.6189
35.422 65.2435 41.619
35.422 69.0911 37.8568
32.7873 70.2894 37.8569
24.8821 66.7106 37.8569
27.6164 63.513 41.619
27.6164 63.513 41.6189
33.3835 66.1146 41.619
32.7873 70.2893 37.8568
24.8821 66.7106 37.8569
20.1888 59.3392 37.8569
24.2062 58.1544 41.619
24.2061 58.1543 41.6189
27.6164 63.513 41.619
24.882 66.7106 37.8568
20.1888 59.3392 37.8569
20.1888 50.6607 37.8569
24.2062 51.8455 41.619
24.2061 51.8455 41.6189
24.2062 58.1544 41.619
20.1888 59.3391 37.8568
20.1888 50.6607 37.8569
24.8821 43.2893 37.8569
27.6164 46.4869 41.619
27.6164 46.4869 41.6189
24.2062 51.8455 41.619
20.1888 50.6607 37.8568
24.8821 43.2893 37.8569
32.7873 39.7105 37.8569
33.3835 43.8853 41.619
33.3834 43.8852 41.6189
27.6164 46.4869 41.619
24.882 43.2892 37.8568
32.7873 39.7105 37.8569
35.422 40.9088 37.8569
35.422 44.7564 41.619
35.422 44.7564 41.6189
33.3835 43.8853 41.619
32.7873 39.7104 37.8568
35.422 40.9088 37.8569
35.422 46.6482 37.8569
35.422 48.9286 41.619
35.422 48.9286 41.6189
35.422 44.7564 41.619
35.422 40.9087 37.8568
35.422 46.6482 37.8569
35.422 54.9999 37.8569
35.422 54.9999 41.619
35.422 54.9999 41.6189
35.422 48.9286 41.619
35.422 46.6482 37.8568
35.422 54.9999 41.619
35.422 61.0713 41.619
35.422 58.2387 44.1031
35.422 58.2387 44.103
35.422 55 44.1031
35.422 54.9999 41.6189
35.422 61.0713 41.619
35.422 65.2435 41.619
35.422 60.4644 44.1031
35.422 60.4644 44.103
35.422 58.2387 44.1031
35.422 61.0713 41.6189
35.422 65.2435 41.619
33.3835 66.1146 41.619
34.1319 60.9291 44.1031
34.1319 60.9291 44.103
35.422 60.4644 44.1031
35.422 65.2434 41.6189
33.3835 66.1146 41.619
27.6164 63.513 41.619
31.0407 59.5412 44.1032
31.0406 59.5411 44.1031
34.1319 60.9291 44.1031
33.3834 66.1146 41.6189
27.6164 63.513 41.619
24.2062 58.1544 41.619
29.2227 56.6827 44.1031
29.2226 56.6827 44.103
31.0407 59.5412 44.1032
27.6164 63.513 41.6189
24.2062 58.1544 41.619
24.2062 51.8455 41.619
29.2227 53.3172 44.1031
29.2226 53.3171 44.103
29.2227 56.6827 44.1031
24.2061 58.1543 41.6189
24.2062 51.8455 41.619
27.6164 46.4869 41.619
31.0407 50.4587 44.1031
31.0406 50.4586 44.103
29.2227 53.3172 44.1031
24.2061 51.8455 41.6189
27.6164 46.4869 41.619
33.3835 43.8853 41.619
34.1319 49.0708 44.1031
34.1319 49.0708 44.103
31.0407 50.4587 44.1031
27.6164 46.4869 41.6189
33.3835 43.8853 41.619
35.422 44.7564 41.619
35.422 49.5355 44.1031
35.422 49.5354 44.103
34.1319 49.0708 44.1031
33.3834 43.8852 41.6189
35.422 44.7564 41.619
35.422 48.9286 41.619
35.422 51.7612 44.1031
35.422 51.7611 44.103
35.422 49.5355 44.1031
35.422 44.7564 41.6189
35.422 48.9286 41.619
35.422 54.9999 41.619
35.422 55 44.1031
35.422 55 44.103
35.422 51.7612 44.1031
35.422 48.9286 41.6189
35.422 55 44.1031
35.422 58.2387 44.1031
35 55 44.9999
35.422 58.2387 44.1031
35.422 60.4644 44.1031
35 55 44.9999
35.422 60.4644 44.1031
34.1319 60.9291 44.1031
35 55 44.9999
34.1319 60.9291 44.1031
31.0407 59.5412 44.1032
35 55 44.9999
31.0407 59.5412 44.1032
29.2227 56.6827 44.1031
35 55 44.9999
29.2227 56.6827 44.1031
29.2227 53.3172 44.1031
35 55 44.9999
29.2227 53.3172 44.1031
31.0407 50.4587 44.1031
35 55 44.9999
31.0407 50.4587 44.1031
34.1319 49.0708 44.1031
34.9999 54.9999 44.9999
34.9999 54.9999 44.9999
35 55 44.9999
31.0406 50.4586 44.103
34.1319 49.0708 44.1031
35.422 49.5355 44.1031
35 55 44.9999
35 55 44.9999
34.9999 54.9999 44.9999
34.1319 49.0708 44.103
35.422 49.5355 44.1031
35.422 51.7612 44.1031
34.9999 54.9999 44.9999
34.9999 54.9999 44.9999
35 55 44.9999
35.422 49.5354 44.103
35.422 51.7612 44.1031
35.422 55 44.1031
35 55 44.9999
35 55 44.9999
34.9999 54.9999 44.9999
35.422 51.7611 44.103
