80.0648 58.2387 5.8968
81.0294 55 5.8968
75.422 55 5
77.527 60.4644 5.8968
80.0649 58.2387 5.8968
75.422 55 5
75.422 60.9291 5.8968
77.527 60.4644 5.8968
75.422 55 5
75.422 59.5411 5.8968
75.422 60.9291 5.8968
75.422 55 5
75.422 56.6827 5.8968
75.422 59.5412 5.8968
75.422 55 5
75.422 53.3171 5.8968
75.422 56.6827 5.8968
75.422 55 5
75.422 50.4586 5.8968
75.422 53.3172 5.8968
75.422 55 5
75.422 55 5
75.422 54.9999 5
75.422 49.0708 5.8968
75.422 49.0708 5.8968
75.422 50.4587 5.8968
75.422 55 5
75.422 54.9999 5
75.422 55 5
77.527 49.5355 5.8968
77.527 49.5354 5.8968
75.422 49.0708 5.8968
75.422 54.9999 5
75.422 55 5
75.422 54.9999 5
80.0649 51.7612 5.8968
80.0648 51.7611 5.8968
77.527 49.5355 5.8968
75.422 55 5
75.422 54.9999 5
75.422 55 5
81.0294 55 5.8968
81.0293 55 5.8968
80.0649 51.7612 5.8968
75.422 54.9999 5
81.0294 55 5.8968
80.0649 58.2387 5.8968
84.4555 61.0713 8.3809
84.4554 61.0713 8.3809
86.2685 55 8.3809
81.0293 55 5.8968
80.0649 58.2387 5.8968
77.527 60.4644 5.8968
79.7081 65.2435 8.3809
79.708 65.2434 8.3809
84.4555 61.0713 8.3809
80.0648 58.2387 5.8968
77.527 60.4644 5.8968
75.422 60.9291 5.8968
75.422 66.1146 8.3809
75.422 66.1146 8.3809
79.7081 65.2435 8.3809
77.527 60.4644 5.8968
75.422 60.9291 5.8968
75.422 59.5412 5.8968
75.422 63.513 8.3809
75.422 63.513 8.3809
75.422 66.1146 8.3809
75.422 60.9291 5.8968
75.422 59.5412 5.8968
75.422 56.6827 5.8968
75.422 58.1544 8.3809
75.422 58.1543 8.3809
75.422 63.513 8.3809
75.422 59.5411 5.8968
75.422 56.6827 5.8968
75.422 53.3172 5.8968
75.422 51.8455 8.3809
75.422 51.8455 8.3809
75.422 58.1544 8.3809
75.422 56.6827 5.8968
75.422 53.3172 5.8968
75.422 50.4587 5.8968
75.422 46.4869 8.3809
75.422 46.4869 8.3809
75.422 51.8455 8.3809
75.422 53.3171 5.8968
75.422 50.4587 5.8968
75.422 49.0708 5.8968
75.422 43.8853 8.3809
75.422 43.8852 8.3809
75.422 46.4869 8.3809
75.422 50.4586 5.8968
75.422 49.0708 5.8968
77.527 49.5355 5.8968
79.7081 44.7564 8.3809
79.708 44.7564 8.3809
75.422 43.8853 8.3809
75.422 49.0708 5.8968
77.527 49.5355 5.8968
80.0649 51.7612 5.8968
84.4555 48.9286 8.3809
84.4554 48.9286 8.3809
79.7081 44.7564 8.3809
77.527 49.5354 5.8968
80.0649 51.7612 5.8968
81.0294 55 5.8968
86.2685 55 8.3809
86.2685 55 8.3809
84.4555 48.9286 8.3809
80.0648 51.7611 5.8968
86.2685 55 8.3809
84.4555 61.0713 8.3809
87.9673 63.3517 12.143
87.9673 63.3516 12.1429
90.4664 55 12.143
86.2685 55 8.3809
84.4555 61.0713 8.3809
79.7081 65.2435 8.3809
81.4469 69.0911 12.143
81.4468 69.0911 12.1429
87.9673 63.3517 12.143
84.4554 61.0713 8.3809
79.7081 65.2435 8.3809
75.422 66.1146 8.3809
75.422 70.2894 12.143
75.422 70.2893 12.1429
81.4469 69.0911 12.143
79.708 65.2434 8.3809
75.422 66.1146 8.3809
75.422 63.513 8.3809
75.422 66.7106 12.143
75.422 66.7106 12.1429
75.422 70.2894 12.143
75.422 66.1146 8.3809
75.422 63.513 8.3809
75.422 58.1544 8.3809
75.422 59.3392 12.143
75.422 59.3391 12.1429
75.422 66.7106 12.143
75.422 63.513 8.3809
75.422 58.1544 8.3809
75.422 51.8455 8.3809
75.422 50.6606 12.143
75.422 50.6605 12.1429
75.422 59.3392 12.143
75.422 58.1543 8.3809
75.422 51.8455 8.3809
75.422 46.4869 8.3809
75.422 43.2893 12.143
75.422 43.2892 12.1429
75.422 50.6606 12.143
75.422 51.8455 8.3809
75.422 46.4869 8.3809
75.422 43.8853 8.3809
75.422 39.7105 12.143
75.422 39.7104 12.1429
75.422 43.2893 12.143
75.422 46.4869 8.3809
75.422 43.8853 8.3809
79.7081 44.7564 8.3809
81.4469 40.9088 12.143
81.4468 40.9087 12.1429
75.422 39.7105 12.143
75.422 43.8852 8.3809
79.7081 44.7564 8.3809
84.4555 48.9286 8.3809
87.9673 46.6482 12.143
87.9673 46.6482 12.1429
81.4469 40.9088 12.143
79.708 44.7564 8.3809
84.4555 48.9286 8.3809
86.2685 55 8.3809
90.4664 55 12.143
90.4664 55 12.1429
87.9673 46.6482 12.143
84.4554 48.9286 8.3809
90.4664 55 12.143
87.9673 63.3517 12.143
90.3968 64.9351 16.8731
90.3967 64.935 16.8731
93.3734 55 16.8731
90.4664 55 12.1429
87.9673 63.3517 12.143
81.4469 69.0911 12.143
82.6478 71.7625 16.8731
82.6478 71.7624 16.8731
90.3968 64.9351 16.8731
87.9673 63.3516 12.1429
81.4469 69.0911 12.143
75.422 70.2894 12.143
75.422 73.188 16.8731
75.422 73.188 16.8731
82.6478 71.7625 16.8731
81.4468 69.0911 12.1429
75.422 70.2894 12.143
75.422 66.7106 12.143
75.422 68.9307 16.8731
75.422 68.9307 16.8731
75.422 73.188 16.8731
75.422 70.2893 12.1429
75.422 66.7106 12.143
75.422 59.3392 12.143
75.422 60.1619 16.8731
75.422 60.1618 16.8731
75.422 68.9307 16.8731
75.422 66.7106 12.1429
75.422 59.3392 12.143
75.422 50.6606 12.143
75.422 49.838 16.8731
75.422 49.838 16.8731
75.422 60.1619 16.8731
75.422 59.3391 12.1429
75.422 50.6606 12.143
75.422 43.2893 12.143
75.422 41.0691 16.8731
75.422 41.069 16.8731
75.422 49.838 16.8731
75.422 50.6605 12.1429
75.422 43.2893 12.143
75.422 39.7105 12.143
75.422 36.8119 16.8731
75.422 36.8119 16.8731
75.422 41.0691 16.8731
75.422 43.2892 12.1429
75.422 39.7105 12.143
81.4469 40.9088 12.143
82.6478 38.2374 16.8731
82.6478 38.2374 16.8731
75.422 36.8119 16.8731
75.422 39.7104 12.1429
81.4469 40.9088 12.143
87.9673 46.6482 12.143
90.3968 45.0648 16.8731
90.3967 45.0648 16.8731
82.6478 38.2374 16.8731
81.4468 40.9087 12.1429
87.9673 46.6482 12.143
90.4664 55 12.143
93.3734 55 16.8731
93.3733 55 16.8731
90.3968 45.0648 16.8731
87.9673 46.6482 12.1429
93.3734 55 16.8731
90.3968 64.9351 16.8731
91.6166 65.7304 22.2217
91.6166 65.7304 22.2217
94.8331 55 22.2217
93.3733 55 16.8731
90.3968 64.9351 16.8731
82.6478 71.7625 16.8731
83.2505 73.1043 22.2217
83.2504 73.1043 22.2217
91.6166 65.7304 22.2217
90.3967 64.935 16.8731
82.6478 71.7625 16.8731
75.422 73.188 16.8731
75.422 74.6439 22.2217
75.422 74.6438 22.2217
83.2505 73.1043 22.2217
82.6478 71.7624 16.8731
75.422 73.188 16.8731
75.422 68.9307 16.8731
75.422 70.0459 22.2217
75.422 70.0458 22.2217
75.422 74.6439 22.2217
75.422 73.188 16.8731
75.422 68.9307 16.8731
75.422 60.1619 16.8731
75.422 60.5751 22.2217
75.422 60.575 22.2217
75.422 70.0459 22.2217
75.422 68.9307 16.8731
75.422 60.1619 16.8731
75.422 49.838 16.8731
75.422 49.4248 22.2217
75.422 49.4248 22.2217
75.422 60.5751 22.2217
75.422 60.1618 16.8731
75.422 49.838 16.8731
75.422 41.0691 16.8731
75.422 39.954 22.2217
75.422 39.9539 22.2217
75.422 49.4248 22.2217
75.422 49.838 16.8731
75.422 41.0691 16.8731
75.422 36.8119 16.8731
75.422 35.356 22.2217
75.422 35.3559 22.2217
75.422 39.954 22.2217
75.422 41.069 16.8731
75.422 36.8119 16.8731
82.6478 38.2374 16.8731
83.2505 36.8956 22.2217
83.2504 36.8955 22.2217
75.422 35.356 22.2217
75.422 36.8119 16.8731
82.6478 38.2374 16.8731
90.3968 45.0648 16.8731
91.6166 44.2695 22.2217
91.6166 44.2695 22.2217
83.2505 36.8956 22.2217
82.6478 38.2374 16.8731
90.3968 45.0648 16.8731
93.3734 55 16.8731
94.8331 55 22.2217
94.833 55 22.2217
91.6166 44.2695 22.2217
90.3967 45.0648 16.8731
94.8331 55 22.2217
91.6166 65.7304 22.2217
91.6166 65.7304 27.7782
91.6166 65.7304 27.7782
94.8331 54.9999 27.7782
94.833 55 22.2217
91.6166 65.7304 22.2217
83.2505 73.1043 22.2217
83.2505 73.1043 27.7782
83.2504 73.1043 27.7782
91.6166 65.7304 27.7782
91.6166 65.7304 22.2217
83.2505 73.1043 22.2217
75.422 74.6439 22.2217
75.422 74.6439 27.7782
75.422 74.6438 27.7782
83.2505 73.1043 27.7782
83.2504 73.1043 22.2217
75.422 74.6439 22.2217
75.422 70.0459 22.2217
75.422 70.0459 27.7782
75.422 70.0458 27.7782
75.422 74.6439 27.7782
75.422 74.6438 22.2217
75.422 70.0459 22.2217
75.422 60.5751 22.2217
75.422 60.5751 27.7782
75.422 60.575 27.7782
75.422 70.0459 27.7782
75.422 70.0458 22.2217
75.422 60.5751 22.2217
75.422 49.4248 22.2217
75.422 49.4248 27.7782
75.422 49.4248 27.7782
75.422 60.5751 27.7782
75.422 60.575 22.2217
75.422 49.4248 22.2217
75.422 39.954 22.2217
75.422 39.954 27.7782
75.422 39.9539 27.7782
75.422 49.4248 27.7782
75.422 49.4248 22.2217
75.422 39.954 22.2217
75.422 35.356 22.2217
75.422 35.356 27.7782
75.422 35.3559 27.7782
75.422 39.954 27.7782
75.422 39.9539 22.2217
75.422 35.356 22.2217
83.2505 36.8956 22.2217
83.2505 36.8956 27.7782
83.2504 36.8955 27.7782
75.422 35.356 27.7782
75.422 35.3559 22.2217
83.2505 36.8956 22.2217
91.6166 44.2695 22.2217
91.6166 44.2695 27.7782
91.6166 44.2695 27.7782
83.2505 36.8956 27.7782
83.2504 36.8955 22.2217
91.6166 44.2695 22.2217
94.8331 55 22.2217
94.8331 54.9999 27.7782
94.833 54.9999 27.7782
91.6166 44.2695 27.7782
91.6166 44.2695 22.2217
94.8331 54.9999 27.7782
91.6166 65.7304 27.7782
90.3968 64.9351 33.1268
90.3967 64.935 33.1268
93.3734 54.9999 33.1268
94.833 54.9999 27.7782
91.6166 65.7304 27.7782
83.2505 73.1043 27.7782
82.6477 71.7625 33.1268
82.6477 71.7624 33.1268
90.3968 64.9351 33.1268
91.6166 65.7304 27.7782
83.2505 73.1043 27.7782
75.422 74.6439 27.7782
75.422 73.188 33.1268
75.422 73.188 33.1268
82.6477 71.7625 33.1268
83.2504 73.1043 27.7782
75.422 74.6439 27.7782
75.422 70.0459 27.7782
75.422 68.9308 33.1268
75.422 68.9308 33.1268
75.422 73.188 33.1268
75.422 74.6438 27.7782
75.422 70.0459 27.7782
75.422 60.5751 27.7782
75.422 60.1619 33.1268
75.422 60.1618 33.1268
75.422 68.9308 33.1268
75.422 70.0458 27.7782
75.422 60.5751 27.7782
75.422 49.4248 27.7782
75.422 49.838 33.1268
75.422 49.838 33.1268
75.422 60.1619 33.1268
75.422 60.575 27.7782
75.422 49.4248 27.7782
75.422 39.954 27.7782
75.422 41.0691 33.1268
75.422 41.069 33.1268
75.422 49.838 33.1268
75.422 49.4248 27.7782
75.422 39.954 27.7782
75.422 35.356 27.7782
75.422 36.8119 33.1268
75.422 36.8119 33.1268
75.422 41.0691 33.1268
75.422 39.9539 27.7782
75.422 35.356 27.7782
83.2505 36.8956 27.7782
82.6477 38.2374 33.1268
82.6477 38.2374 33.1268
75.422 36.8119 33.1268
75.422 35.3559 27.7782
83.2505 36.8956 27.7782
91.6166 44.2695 27.7782
90.3968 45.0648 33.1268
90.3967 45.0648 33.1268
82.6477 38.2374 33.1268
83.2504 36.8955 27.7782
91.6166 44.2695 27.7782
94.8331 54.9999 27.7782
93.3734 54.9999 33.1268
93.3733 54.9999 33.1268
90.3968 45.0648 33.1268
91.6166 44.2695 27.7782
93.3734 54.9999 33.1268
90.3968 64.9351 33.1268
87.9673 63.3517 37.8569
87.9673 63.3516 37.8568
90.4664 54.9999 37.8569
93.3733 54.9999 33.1268
90.3968 64.9351 33.1268
82.6477 71.7625 33.1268
81.4469 69.0911 37.8569
81.4468 69.0911 37.8568
87.9673 63.3517 37.8569
90.3967 64.935 33.1268
82.6477 71.7625 33.1268
75.422 73.188 33.1268
75.422 70.2894 37.8569
75.422 70.2893 37.8568
81.4469 69.0911 37.8569
82.6477 71.7624 33.1268
75.422 73.188 33.1268
75.422 68.9308 33.1268
75.422 66.7106 37.8569
75.422 66.7106 37.8568
75.422 70.2894 37.8569
75.422 73.188 33.1268
75.422 68.9308 33.1268
75.422 60.1619 33.1268
75.422 59.3392 37.8569
75.422 59.3391 37.8568
75.422 66.7106 37.8569
75.422 68.9308 33.1268
75.422 60.1619 33.1268
75.422 49.838 33.1268
75.422 50.6607 37.8569
75.422 50.6607 37.8568
75.422 59.3392 37.8569
75.422 60.1618 33.1268
75.422 49.838 33.1268
75.422 41.0691 33.1268
75.422 43.2893 37.8569
75.422 43.2892 37.8568
75.422 50.6607 37.8569
75.422 49.838 33.1268
75.422 41.0691 33.1268
75.422 36.8119 33.1268
75.422 39.7105 37.8569
75.422 39.7104 37.8568
75.422 43.2893 37.8569
75.422 41.069 33.1268
75.422 36.8119 33.1268
82.6477 38.2374 33.1268
81.4469 40.9088 37.8569
81.4468 40.9087 37.8568
75.422 39.7105 37.8569
75.422 36.8119 33.1268
82.6477 38.2374 33.1268
90.3968 45.0648 33.1268
87.9673 46.6482 37.8569
87.9673 46.6482 37.8568
81.4469 40.9088 37.8569
82.6477 38.2374 33.1268
90.3968 45.0648 33.1268
93.3734 54.9999 33.1268
90.4664 54.9999 37.8569
90.4664 54.9999 37.8568
87.9673 46.6482 37.8569
90.3967 45.0648 33.1268
90.4664 54.9999 37.8569
87.9673 63.3517 37.8569
84.4555 61.0713 41.619
84.4554 61.0713 41.6189
86.2685 54.9999 41.619
90.4664 54.9999 37.8568
87.9673 63.3517 37.8569
81.4469 69.0911 37.8569
79.7081 65.2435 41.619
79.708 65.2434 41.6189
84.4555 61.0713 41.619
87.9673 63.3516 37.8568
81.4469 69.0911 37.8569
75.422 70.2894 37.8569
75.422 66.1146 41.619
75.422 66.1146 41.6189
79.7081 65.2435 41.619
81.4468 69.0911 37.8568
75.422 70.2894 37.8569
75.422 66.7106 37.8569
75.422 63.513 41.619
75.422 63.513 41.6189
75.422 66.1146 41.619
75.422 70.2893 37.8568
75.422 66.7106 37.8569
75.422 59.3392 37.8569
75.422 58.1544 41.619
75.422 58.1543 41.6189
75.422 63.513 41.619
75.422 66.7106 37.8568
75.422 59.3392 37.8569
75.422 50.6607 37.8569
75.422 51.8455 41.619
75.422 51.8455 41.6189
75.422 58.1544 41.619
75.422 59.3391 37.8568
75.422 50.6607 37.8569
75.422 43.2893 37.8569
75.422 46.4869 41.619
75.422 46.4869 41.6189
75.422 51.8455 41.619
75.422 50.6607 37.8568
75.422 43.2893 37.8569
75.422 39.7105 37.8569
75.422 43.8853 41.619
75.422 43.8852 41.6189
75.422 46.4869 41.619
75.422 43.2892 37.8568
75.422 39.7105 37.8569
81.4469 40.9088 37.8569
79.7081 44.7564 41.619
79.708 44.7564 41.6189
75.422 43.8853 41.619
75.422 39.7104 37.8568
81.4469 40.9088 37.8569
87.9673 46.6482 37.8569
84.4555 48.9286 41.619
84.4554 48.9286 41.6189
79.7081 44.7564 41.619
81.4468 40.9087 37.8568
87.9673 46.6482 37.8569
90.4664 54.9999 37.8569
86.2685 54.9999 41.619
86.2685 54.9999 41.6189
84.4555 48.9286 41.619
87.9673 46.6482 37.8568
86.2685 54.9999 41.619
84.4555 61.0713 41.619
80.0649 58.2387 44.1031
80.0648 58.2387 44.103
81.0294 55 44.1031
86.2685 54.9999 41.6189
84.4555 61.0713 41.619
79.7081 65.2435 41.619
77.527 60.4644 44.1031
77.527 60.4644 44.103
80.0649 58.2387 44.1031
84.4554 61.0713 41.6189
79.7081 65.2435 41.619
75.422 66.1146 41.619
75.422 60.9291 44.1031
75.422 60.9291 44.103
77.527 60.4644 44.1031
79.708 65.2434 41.6189
75.422 66.1146 41.619
75.422 63.513 41.619
75.422 59.5412 44.1032
75.422 59.5411 44.1031
75.422 60.9291 44.1031
75.422 66.1146 41.6189
75.422 63.513 41.619
75.422 58.1544 41.619
75.422 56.6827 44.1031
75.422 56.6827 44.103
75.422 59.5412 44.1032
75.422 63.513 41.6189
75.422 58.1544 41.619
75.422 51.8455 41.619
75.422 53.3172 44.1031
75.422 53.3171 44.103
75.422 56.6827 44.1031
75.422 58.1543 41.6189
75.422 51.8455 41.619
75.422 46.4869 41.619
75.422 50.4587 44.1031
75.422 50.4586 44.103
75.422 53.3172 44.1031
75.422 51.8455 41.6189
75.422 46.4869 41.619
75.422 43.8853 41.619
75.422 49.0708 44.1031
75.422 49.0708 44.103
75.422 50.4587 44.1031
75.422 46.4869 41.6189
75.422 43.8853 41.619
79.7081 44.7564 41.619
77.527 49.5355 44.1031
77.527 49.5354 44.103
75.422 49.0708 44.1031
75.422 43.8852 41.6189
79.7081 44.7564 41.619
84.4555 48.9286 41.619
80.0649 51.7612 44.1031
80.0648 51.7611 44.103
77.527 49.5355 44.1031
79.708 44.7564 41.6189
84.4555 48.9286 41.619
86.2685 54.9999 41.619
81.0294 55 44.1031
81.0293 55 44.103
80.0649 51.7612 44.1031
84.4554 48.9286 41.6189
81.0294 55 44.1031
80.0649 58.2387 44.1031
75.422 55 44.9999
80.0649 58.2387 44.1031
77.527 60.4644 44.1031
75.422 55 44.9999
77.527 60.4644 44.1031
75.422 60.9291 44.1031
75.422 55 44.9999
75.422 60.9291 44.1031
75.422 59.5412 44.1032
75.422 55 44.9999
75.422 59.5412 44.1032
75.422 56.6827 44.1031
75.422 55 44.9999
75.422 56.6827 44.1031
75.422 53.3172 44.1031
75.422 55 44.9999
75.422 53.3172 44.1031
75.422 50.4587 44.1031
75.422 55 44.9999
75.422 50.4587 44.1031
75.422 49.0708 44.1031
75.422 54.9999 44.9999
75.422 54.9999 44.9999
75.422 55 44.9999
75.422 50.4586 44.103
75.422 49.0708 44.1031
77.527 49.5355 44.1031
75.422 55 44.9999
75.422 55 44.9999
75.422 54.9999 44.9999
75.422 49.0708 44.103
77.527 49.5355 44.1031
80.0649 51.7612 44.1031
75.422 54.9999 44.9999
75.422 54.9999 44.9999
75.422 55 44.9999
77.527 49.5354 44.103
80.0649 51.7612 44.1031
81.0294 55 44.1031
75.422 55 44.9999
75.422 55 44.9999
75.422 54.9999 44.9999
80.0648 51.7611 44.103
